bag  시작s 길이s | 지령 v   w   | 회전°  | 트랙 측정 L    R    m/s | 회전축(차체) 앞 왼 cm | 미끄러짐(실제−휠) 앞 왼 cm | 180°당 cm | 정합rms최대 | 종류
rt2      14  5.7 | +0.024 -0.25 |  -86.6 | +0.078 -0.030 |   -5.2   -3.1 |   -7.4   +2.1 |  16.0 | 0.019 | 제자리
rt2      39  5.4 | +0.024 -0.25 |  -87.0 | +0.077 -0.030 |   -4.7   -4.9 |   -6.2   -1.4 |  13.2 | 0.021 | 제자리
rt2     180  5.4 | +0.016 +0.29 |  +86.0 | -0.046 +0.076 |   -0.5   +0.7 |   -6.8   -2.4 |  15.1 | 0.017 | 제자리
rt2     206  6.8 | +0.016 +0.29 |  +86.9 | -0.046 +0.077 |   -7.3   -5.5 |  -13.9  -11.4 |  37.4 | 0.015 | 제자리
rt2     233  4.9 | +0.016 -0.29 |  -85.2 | +0.076 -0.045 |   -3.6   -1.0 |   -5.0   +2.0 |  11.3 | 0.021 | 제자리
rt2     257  5.8 | +0.016 -0.29 |  -85.8 | +0.078 -0.046 |   -5.9   +0.7 |  -10.8   +5.4 |  25.4 | 0.019 | 제자리
rt2     408  4.4 | +0.000 +0.36 |  +85.9 | -0.076 +0.075 |   -3.7   +1.2 |   -3.1   -0.5 |   6.6 | 0.021 | 제자리
rt2      27  5.0 | -0.024 +0.25 |  +85.7 | -0.080 +0.031 |   -1.0   -7.4 |   -2.2   -1.0 |   5.1 | 0.022 | 피벗형
rt2      52  5.0 | -0.024 +0.25 |  +88.0 | -0.079 +0.031 |   -1.5   -7.1 |   -2.2   +0.5 |   4.5 | 0.020 | 피벗형
rt2      65  8.6 | +0.040 +0.18 |  +88.0 | +0.000 +0.078 |   -0.8  +16.3 |   -0.5  -10.5 |  21.6 | 0.014 | 피벗형
rt2      80  7.2 | -0.040 -0.18 |  -87.5 | +0.000 -0.079 |   -2.9  +20.1 |   -6.1   -1.2 |  12.9 | 0.017 | 피벗형
rt2      95  6.7 | +0.040 +0.18 |  +87.6 | +0.000 +0.079 |   -1.7  +17.1 |   +0.5   +0.3 |   1.2 | 0.014 | 피벗형
rt2     109  7.4 | -0.040 -0.18 |  -88.1 | +0.000 -0.079 |   -4.0  +21.6 |   -7.8   +0.2 |  16.0 | 0.017 | 피벗형
rt2     124  6.9 | +0.040 -0.18 |  -87.5 | +0.077 +0.000 |   -3.3  -16.0 |   -2.9   -0.3 |   5.9 | 0.019 | 피벗형
rt2     138  7.0 | -0.040 +0.18 |  +87.8 | -0.079 +0.000 |   -0.2  -16.5 |   -2.1   +2.5 |   6.8 | 0.018 | 피벗형
rt2     152  6.8 | +0.040 -0.18 |  -87.2 | +0.077 +0.000 |   -2.2  -17.2 |   -0.2   -0.9 |   1.9 | 0.019 | 피벗형
rt2     166  7.0 | -0.040 +0.18 |  +88.1 | -0.078 +0.000 |   -0.9  -16.8 |   -2.2   +1.9 |   5.9 | 0.019 | 피벗형
rt2     193  5.9 | -0.016 -0.29 |  -86.8 | +0.047 -0.079 |   -9.3  +16.3 |  -17.4   +0.6 |  36.2 | 0.020 | 피벗형
rt2     220  5.2 | -0.016 -0.29 |  -87.3 | +0.046 -0.076 |   -4.8  +10.1 |  -10.3   -3.7 |  22.6 | 0.020 | 피벗형
rt2     245  5.5 | -0.016 +0.29 |  +85.8 | -0.079 +0.047 |   -5.0  -13.1 |  -11.2   -4.0 |  25.1 | 0.018 | 피벗형
rt2     270  5.5 | -0.016 +0.29 |  +87.2 | -0.077 +0.046 |   -8.2  -22.2 |  -16.4   -0.8 |  33.9 | 0.025 | 피벗형
rt2     284  7.6 | +0.032 +0.22 |  +87.3 | -0.015 +0.079 |   -2.6   +9.6 |   -7.2  -10.3 |  25.9 | 0.016 | 피벗형
rt2     298  6.7 | -0.032 -0.22 |  -87.1 | +0.015 -0.079 |   -4.6  +20.0 |   -9.2   -1.3 |  19.2 | 0.021 | 피벗형
rt2     312  7.0 | +0.032 +0.22 |  +87.2 | -0.015 +0.077 |   +4.7  +10.5 |   +2.3   -8.5 |  18.2 | 0.016 | 피벗형
rt2     326  6.7 | -0.032 -0.22 |  -86.0 | +0.015 -0.079 |   -4.5  +19.9 |  -10.0   -0.6 |  20.9 | 0.021 | 피벗형
rt2     341  6.1 | +0.032 -0.22 |  -87.0 | +0.079 -0.015 |   -3.7  -10.7 |   -3.7   +1.5 |   8.2 | 0.020 | 피벗형
rt2     354  6.7 | -0.032 +0.22 |  +87.2 | -0.077 +0.015 |   -5.6  -23.3 |  -13.6   +0.3 |  28.1 | 0.022 | 피벗형
rt2     368  6.9 | +0.032 -0.22 |  -87.7 | +0.079 -0.015 |   -3.0  -12.3 |   -3.9   +3.6 |  10.8 | 0.018 | 피벗형
rt2     397  4.5 | +0.000 -0.36 |  -86.1 | +0.079 -0.078 |   -7.0   +9.3 |  -13.0   +0.4 |  27.2 | 0.019 | 피벗형
rt2     420  4.9 | +0.000 -0.36 |  -87.5 | +0.078 -0.077 |   -8.5  +10.6 |  -16.8   -0.4 |  34.7 | 0.019 | 피벗형
rt2     432  4.9 | +0.000 +0.36 |  +85.0 | -0.076 +0.076 |   -7.2   -8.2 |  -12.2   -6.0 |  28.9 | 0.018 | 피벗형
rt2     382  7.0 | -0.032 +0.22 |  +87.2 | -0.077 +0.015 |   -5.3  -29.9 |  -14.7   +1.5 |  30.5 | 0.021 | 호
