=== job333 (필터 출력, odom 월드 복셀) ===
프레임 584 (40 s) 토픽 /camera/depth/points_filtered
TF camera_depth_optical_frame -> odom: 이동 (0.232, 0.049, 0.143)
--- 점≥1 프레임% ---
   y\x     1.07   1.12   1.18   1.23   1.28   1.33
  0.28        0      0      0      0      0      0
  0.23        0      0      0      0      0      0
  0.17        0     12     94     51      0      0
  0.12        0      9    100      0      0      0
  0.08        0      0    100      0      0      0
--- 복셀≥2 프레임% ---
   y\x     1.07   1.12   1.18   1.23   1.28   1.33
  0.28        0      0      0      0      0      0
  0.23        0      0      0      0      0      0
  0.17        0      4     89     44      0      0
  0.12        0      1    100      0      0      0
  0.08        0      0    100      0      0      0
--- 복셀≥3 프레임% ---
   y\x     1.07   1.12   1.18   1.23   1.28   1.33
  0.28        0      0      0      0      0      0
  0.23        0      0      0      0      0      0
  0.17        0      0     84     36      0      0
  0.12        0      0    100      0      0      0
  0.08        0      0    100      0      0      0
--- 프레임당 최대 복셀점 ---
   y\x     1.07   1.12   1.18   1.23   1.28   1.33
  0.28        0      0      0      0      0      0
  0.23        0      0      0      0      0      0
  0.17        0      3     20     16      0      0
  0.12        0      3     30      0      0      0
  0.08        0      0     25      0      0      0
--- z 범위 (min~max, 점이 있던 셀만) ---
   y\x     1.07   1.12   1.18   1.23   1.28   1.33
  0.28        -      -      -      -      -      -
  0.23        -      -      -      -      -      -
  0.17        - 0.06~0.07 0.06~0.11 0.07~0.10      -      -
  0.12        - 0.06~0.07 0.06~0.11      -      -      -
  0.08        -      - 0.06~0.11      -      -      -
