전진 0.4m @ 0.04m/s.  카메라 실명 예상: 카메라~물체 < 0.29m
  t   이동   로컬 최근접(최대비용)  전역 최근접(최대비용)  깊이점
  0.0 +0.000     0.3 ( 99)         0.64 ( 99)          -1
  0.3 +0.008     0.3 ( 99)         0.64 ( 99)         221
  0.6 +0.019     0.3 ( 99)         0.62 ( 99)         218
  0.9 +0.031     0.3 ( 99)         0.62 ( 99)         249
  1.2 +0.043     0.3 ( 99)          0.6 ( 99)         248
  1.5 +0.055     0.3 ( 99)          0.9 ( 99)         263
  1.8 +0.067     0.3 ( 99)         0.88 ( 99)         276
  2.1 +0.079     0.3 ( 99)         0.88 ( 99)         277
  2.4 +0.091     0.3 ( 99)         0.82 ( 99)         278
  2.7 +0.102     0.3 ( 99)          0.8 ( 99)         296
  3.0 +0.114     0.3 ( 99)         0.78 ( 99)         295
  3.3 +0.126     0.3 (100)         0.78 ( 99)         298
  3.6 +0.138     0.3 (100)         0.56 ( 99)         349
  3.9 +0.150     0.3 ( 99)         0.56 ( 99)         340
  4.2 +0.162     0.3 ( 99)         0.54 ( 99)         357
  4.5 +0.174     0.3 ( 99)         0.52 ( 99)         369
  4.8 +0.186     0.3 ( 99)         0.52 ( 99)         412
  5.1 +0.198     0.3 ( 99)          0.5 ( 99)         418
  5.4 +0.210     0.3 ( 99)          0.5 ( 99)         452
  5.7 +0.222     0.3 (100)         0.48 ( 99)         428
  6.0 +0.234     0.3 (100)         0.46 ( 99)         492
  6.3 +0.246     0.3 ( 99)         0.46 ( 99)         518
  6.6 +0.258     0.3 ( 99)         0.44 ( 99)         535
  6.9 +0.270     0.3 ( 99)         0.44 ( 99)         557
  7.2 +0.282     0.3 ( 99)         0.42 ( 99)         643
  7.5 +0.294     0.3 ( 99)          0.4 ( 99)         721
  7.8 +0.306     0.3 ( 99)          0.4 ( 99)         751
  8.1 +0.318     0.3 ( 99)         0.38 ( 99)         776
  8.4 +0.330     0.3 ( 99)         0.38 ( 99)         849
  8.7 +0.342     0.3 ( 99)         0.36 ( 99)         942
  9.0 +0.354     0.3 ( 99)         0.34 ( 99)         254
  9.3 +0.366     0.3 ( 99)         0.34 ( 99)         213
  9.6 +0.378     0.3 ( 99)         0.32 ( 99)         205
  9.9 +0.390     0.3 ( 99)         0.32 ( 99)         269

최근접 = 전방 축에서 비용 ≥99 인 가장 가까운 거리(m). None = 1.3m 까지 막힘 없음.
접근하며 이 값이 계속 줄어들면 장애물 유지, 갑자기 None 이 되면 그 시점에 사라진 것.
