상자 검출: base_link (0.86,-0.02) z 0.08, 점 195 → map (0.86,-0.02)
전진 0.42m @ 0.04m/s. 카메라 실명 예상 거리 ≈0.29m

  t   로버x  카메라~상자  로컬  전역  상자근방 깊이점
  0.0 +0.000    0.625     100  100     195
  0.3 +0.005    0.620     100  100     200
  0.5 +0.015    0.610     100  100     202
  0.8 +0.025    0.600     100  100     191
  1.0 +0.034    0.591     100  100     218
  1.3 +0.044    0.582     100  100     219
  1.5 +0.054    0.571     100  100     225
  1.8 +0.065    0.561     100  100     217
  2.0 +0.074    0.551     100  100     237
  2.3 +0.083    0.542     100  100     233
  2.5 +0.094    0.531     100  100     236
  2.8 +0.094    0.531     100  100     231
  3.0 +0.104    0.521     100  100     260
  3.3 +0.113    0.512     100  100     265
  3.5 +0.124    0.501     100  100     272
  3.8 +0.134    0.491     100  100     292
  4.0 +0.144    0.482     100  100     294
  4.3 +0.153    0.472     100  100     302
  4.5 +0.164    0.462     100    0     316
  4.8 +0.174    0.451     100    0     319
  5.0 +0.184    0.442     100    0     355
  5.3 +0.193    0.432     100    0     351
  5.5 +0.204    0.422     100    0     403
  5.8 +0.214    0.411     100    0     412
  6.0 +0.224    0.401     100    0     449
  6.3 +0.233    0.392     100    0     432
  6.5 +0.244    0.381     100    0     481
  6.8 +0.254    0.371     100    0     500
  7.0 +0.264    0.362     100    0     557
  7.3 +0.273    0.352     100    0     598
  7.5 +0.284    0.342     100    0     591
  7.8 +0.294    0.331     100    0     658
  8.0 +0.304    0.322     100    0     711
  8.3 +0.314    0.311     100    0     750
  8.5 +0.324    0.302     100    0     229
  8.8 +0.334    0.291     100    0     214
  9.0 +0.344    0.282     100    0     201
  9.3 +0.353    0.272     100    0     236
  9.5 +0.364    0.262     100    0     268
  9.8 +0.374    0.251     100    0     288
 10.0 +0.384    0.242     100    0     332
 10.3 +0.394    0.231     100    0     352
 10.5 +0.403    0.222     100    0     382
 10.8 +0.413    0.213     100    0       8

정지. 로컬/전역 비용이 언제 0 으로 떨어지는지, 그때 깊이점이 0 인지 보면 원인이 갈린다:
  깊이점 0 + 비용 유지  → 기억 정상 (raytrace_min_range 효과 있음)
  깊이점 0 + 비용 0     → 소거가 일어남 (다른 소스가 지우거나 min_range 미적용)
  깊이점 >0 + 비용 0    → 마킹 자체가 안 됨 (높이/문턱/사거리 문제)
