t,v_cmd,w_cmd,x,y,yaw_map,yaw_odom,lat_err
0.00028133392333984375,0.0,0.0,0.0,0.0,0.01242674046496051,0.012698634594950242,nan
0.05076408386230469,0.01,-0.06,0.0,0.0,0.01259245777098128,0.012671517261395591,0.009999213371594576
0.10077118873596191,0.02,-0.12,0.0,0.0,0.012737772498276451,0.012660298317061612,0.009999213371594576
0.15152597427368164,0.03,-0.15961976007713305,0.00028822286405105296,3.5053342954580535e-06,0.010846281989990825,0.010846281989990825,0.010040169212566464
0.20624661445617676,0.04,-0.15899106614909697,0.0014068331069977292,1.2265459027782514e-05,0.0032460157416767106,0.00853782391959257,0.010194318136145979
0.258831262588501,0.05,-0.1563028571518116,0.0023969579691255254,1.3894645409279136e-05,-0.0022998841877557292,-0.0022998841877557297,0.010324688534941714
0.3076362609863281,0.060000000000000005,-0.15441978414157911,0.004783524956434485,-6.6720280915727766e-06,-0.01713853683933309,-0.00914257383619077,0.01061464376051882
0.35968470573425293,0.07,-0.14920548830430222,0.006143975871877819,-3.1494403082485894e-05,-0.02227924294380169,-0.02227924294380168,0.010766944106155266
0.4091935157775879,0.08,-0.14764468025521107,0.009606815957203604,-0.00012417495801555592,-0.03296441268960136,-0.02733197289518508,0.011125355473693704
0.45411109924316406,0.08,-0.14467053611412023,0.011283461799423335,-0.0001825054480046528,-0.038352405194999495,-0.038352405194999495,0.011285549962326526
0.5050675868988037,0.08,-0.14311954459869292,0.015028126767776965,-0.0003372713914040597,-0.045103219658065165,-0.041409556357718806,0.011619051400183142
0.5520796775817871,0.08,-0.14191844580351226,0.01709206023238408,-0.00043457605390704137,-0.04983580794574974,-0.04983580794574971,0.011790965224735214
0.6012370586395264,0.08,-0.13965750368347465,0.01857981521834863,-0.0005115349964585102,-0.054019541941743736,-0.054019541941743736,0.011893941341157881
0.6631040573120117,0.08,-0.13885946645106143,0.02304897037990791,-0.0007701691327169465,-0.061456670436572235,-0.06145667043657222,0.012079843530701753
0.7006165981292725,0.08,-0.13885946645106143,0.02483082633506812,-0.000882133033634895,-0.06430025704600253,-0.0643002570460025,0.012145160258475281
0.7597956657409668,0.08,-0.13786937241440092,0.028498050670789993,-0.0011259449911006818,-0.06863805341766582,-0.06863805341766582,0.012266274201685908
0.8003101348876953,0.08,-0.13780612277568935,0.03027688608090983,-0.0012518052102109159,-0.07236723731955494,-0.07236723731955497,0.012317463545526625
0.8508996963500977,0.08,-0.134971038137818,0.035142383411604784,-0.0016317591785036916,-0.08275763983741764,-0.08275763983741767,0.012421954223776862
0.9052927494049072,0.08,-0.13456727545440855,0.039047384461375845,-0.0019716259660727594,-0.0912509940091213,-0.08493980912253596,0.012471070196959786
0.9505634307861328,0.08,-0.13252612274608766,0.041177476012195305,-0.0021694566628523626,-0.09399633275076891,-0.09399633275076891,0.012485482320173732
1.0054409503936768,0.08,-0.13222348640130074,0.04455706096533152,-0.002493096713301169,-0.09825448358474942,-0.095243070765203,0.012552228255964758
1.050593376159668,0.08,-0.1317718255512082,0.04455706096533152,-0.002493096713301169,-0.09825448358474942,-0.09825448358474942,0.007000396860165944
1.104623794555664,0.08,-0.118826351142499,0.051601840745943164,-0.003242510312619891,-0.11289036044301565,-0.10935782605972345,0.007260217744461153
1.1583709716796875,0.08,-0.11815542512141906,0.05339552874939715,-0.0034500044742276563,-0.11707265161598945,-0.11707265161598945,0.007309856652056698
1.2042176723480225,0.08,-0.11615894320971373,0.05555830608782036,-0.00370817975754447,-0.12110085054486408,-0.12110085054486408,0.0073618061365446665
1.2522192001342773,0.08,-0.11646091785706515,0.05964549905626684,-0.004210981846762231,-0.12434153989644736,-0.12434153989644736,0.007445225866449254
1.3061447143554688,0.08,-0.11642763539075171,0.06383635099819694,-0.0037807486566866196,-0.13834053353059433,-0.127564399791583,0.008466940258856727
1.3586266040802002,0.08,-0.11305538800235451,0.06607228887767305,-0.004095850100050456,-0.14203919361426603,-0.13505919361426644,0.0084729438069655
1.4005374908447266,0.08,-0.11230324178669499,0.06765407113150296,-0.004324389617159044,-0.14511104271711484,-0.13813104271711515,0.008471622570598763
1.4585542678833008,0.08,-0.10986608838752256,0.07236796659525938,-0.005036503547003809,-0.15286931766830192,-0.14588931766830224,0.008436960930967357
1.5080287456512451,0.08,-0.11035613677675425,0.0765052988952515,-0.005679423908796857,-0.15649382014270122,-0.14659664538808626,0.008388814628974284
1.552083969116211,0.08,-0.10990311362038507,0.0787324680931477,-0.006034894081437731,-0.1604198070861261,-0.1534398070861265,0.008353612832254408
1.6040980815887451,0.08,-0.1089971597459717,0.08066754987417972,-0.006351074435512972,-0.16374704587954717,-0.15676704587954757,0.008311910463149897
1.6598763465881348,0.08,-0.10812903158742093,0.08451152072073376,-0.006997129709374093,-0.1704965623960622,-0.1635165623960626,0.008201425653311042
1.7090389728546143,0.08,-0.10668274328668637,0.08673671079069162,-0.007383656549478539,-0.17337575507324587,-0.16639575507324622,0.008125048258360685
1.7585422992706299,0.08,-0.10641694491180097,0.09156665476934597,-0.008237413697090572,-0.17750654258259738,-0.1705265425825977,0.007944634791900222
1.8020639419555664,0.08,-0.10614101658655935,0.09348326803953226,-0.008584626441863289,-0.18140144129741043,-0.17442144129741077,0.007864697869648524
1.8589529991149902,0.08,-0.10385184992217598,0.09673072118090106,-0.00919104951296767,-0.1881320776888426,-0.18115207768884292,0.007711311727732008
1.9046308994293213,0.08,-0.10216014671121817,0.10152318104276034,-0.010121298631249604,-0.19489894627456888,-0.1860861056165044,0.0074499726998757555
1.958017110824585,0.08,-0.10188358799588067,0.10444511985094009,-0.010702512412431933,-0.19802367670483775,-0.19104367670483802,0.007276776761322774
2.005905866622925,0.08,-0.10148226617803545,0.10864271173241381,-0.011553938192808559,-0.20367181771489534,-0.1922368320614125,0.007212283471483262
2.059380531311035,0.08,-0.10028737414584893,0.11089294767746605,-0.012025110784098642,-0.20937847029522605,-0.20239847029522687,0.0071671367515155375
2.104712963104248,0.08,-0.09842802407276152,0.11507947235922912,-0.012925739239524281,-0.21474782124641187,-0.20477035459667192,0.014994881129915597
2.159459352493286,0.08,-0.059995912874916825,0.11732649708608507,-0.013419420614207667,-0.21816598978990914,-0.21118598978990996,0.013158503574097275
2.2024569511413574,0.08,-0.059317728973962196,0.11896083816506511,-0.01378333912688252,-0.22062971358297778,-0.21364971358297866,0.011927069955599947
2.2596728801727295,0.08,-0.05907088405136396,0.12411074434506386,-0.014948202724214425,-0.22677919588561055,-0.21979919588561136,0.009047732573960314
2.30435848236084,0.08,-0.05799801345213008,0.12870610325835866,-0.01602466607294807,-0.23227635556190507,-0.22333041179441127,0.008590780954640699
2.3583357334136963,0.08,-0.057208522801941185,0.1312190786940004,-0.016619435774869944,-0.23309536500282899,-0.2261153650028298,0.008696943908785674
2.4063501358032227,0.08,-0.0574409631681289,0.13585349794723384,-0.017732876560627813,-0.23912719200399937,-0.22853835707471015,0.008908995891352257
2.4595413208007812,0.08,-0.05670188857782911,0.13766976818842674,-0.018177116842085603,-0.24119544825927858,-0.2342154482592793,0.008999830270797551
2.502974510192871,0.08,-0.056358212726495084,0.14053116024309442,-0.018883920358830183,-0.2431579961443476,-0.23617799614434842,0.009149743830698037
2.560241222381592,0.08,-0.056501232418941234,0.14517274302281458,-0.020042873155098166,-0.2469352209915381,-0.239955220991539,0.009405115844205184
2.604517936706543,0.08,-0.05597682713664098,0.1501860003021965,-0.02132061424200604,-0.25341348708407063,-0.2421715833392386,0.009706448032114744
2.6587119102478027,0.08,-0.054815203794934694,0.1526102020551328,-0.021951337715945374,-0.2550032098754735,-0.24802320987547422,0.009864786388747267
2.7078380584716797,0.08,-0.05421444480855825,0.15733139702186458,-0.022700797205972675,-0.2599225598963336,-0.24868818205154763,0.009702998033873814
2.7587950229644775,0.08,-0.054621748406904,0.1594509491508679,-0.02326793343848868,-0.2633124863485613,-0.2528424863485617,0.009856827919628788
2.8086628913879395,0.08,-0.05194793570522615,0.16407390004635133,-0.024535823988611413,-0.27096623794795766,-0.2584062302220325,0.010222693057558997
2.8514177799224854,0.08,-0.0516477473478147,0.16689517557297615,-0.025320520284587505,-0.2717116150389545,-0.26124161503895493,0.010556271929804928
2.9058938026428223,0.08,-0.05181028803281789,0.1715807082833888,-0.026638144804780915,-0.2779321566786732,-0.2634222395282255,0.011167516434733262
2.9593424797058105,0.08,-0.05072323055426401,0.1740962582194364,-0.027360162120737455,-0.28094751428382186,-0.2704775142838222,0.011510135038635051
3.0089669227600098,0.08,-0.04991955000756529,0.17871475023273575,-0.02870370537729783,-0.28486475210072126,-0.2715044061448366,0.012156914307486673
3.0586185455322266,0.08,-0.049623618275398296,0.18088977726113004,-0.029342694618613295,-0.28713221864718436,-0.27666221864718477,0.012467701698196209
3.1093811988830566,0.08,-0.049623618275398296,0.18341401985955097,-0.030090286849771865,-0.28913892216989223,-0.27866892216989253,0.012834331130035735
3.1517765522003174,0.065,0.025792416413759817,0.18341401985955097,-0.030090286849771865,-0.28913892216989223,-0.27866892216989253,0.023167268592191752
3.214114189147949,0.05,0.08579241641375981,0.19054376375611873,-0.03223964603619917,-0.29435462568051496,-0.2838846256805154,0.02124497036487945
3.2596354484558105,0.035,0.1457924164137598,0.19518471549902133,-0.03365637767522692,-0.2961496951461362,-0.28567969514613667,0.01997604798882031
3.304635763168335,0.020000000000000004,0.2057924164137598,0.19861918495268702,-0.03421032058538655,-0.2969030005623707,-0.2856925928165226,0.01927538168398296
3.358313798904419,0.0050000000000000044,0.26579241641375984,0.1999798835808567,-0.03462676269511113,-0.2914528464719745,-0.2774928464719748,0.018097432559495745
3.4043877124786377,0.0,0.32,0.20168491052929416,-0.03512989880464501,-0.2732173028221678,-0.26933623646288796,0.01663595297517297
3.4596118927001953,0.0,0.32,0.20202980134357038,-0.035226165752365264,-0.26118741753982166,-0.24722741753982191,0.0163446149319865
3.504289150238037,0.0,0.32,0.20222083213805,-0.03527610138643953,-0.23127473027926393,-0.23253995948794556,0.016185882694256058
3.5532479286193848,0.0,0.32,0.2021930523172403,-0.035269571787913,-0.2205732791346972,-0.2173147302792642,0.016208395554289455
3.604532480239868,0.0,0.32,0.20211065962509228,-0.0352525015588324,-0.19328056766947616,-0.19715024228276068,0.016273378892724684
3.653223752975464,0.0,0.32,0.20207035510471266,-0.03524495280709952,-0.18198376158255555,-0.1680237615825559,0.0163045429559635
3.704373836517334,0.0,0.32,0.20197800142128663,-0.03522926230996915,-0.15763255920197822,-0.15712755719112304,0.01637470104384018
3.762176990509033,0.0,0.32,0.20195394411010334,-0.03522585884561798,-0.14519643242246452,-0.13123643242246485,0.016392444131243505
3.804731607437134,0.0,0.32,0.20186582802153022,-0.035214603559799294,-0.11710758356330704,-0.11502320919890964,0.016456489888721088
3.8584861755371094,0.0,0.32,0.20183018021607632,-0.03521100164109653,-0.10307619334608659,-0.0891161933460869,0.016481658992518605
3.9080018997192383,0.0,0.32,0.20178764698267523,-0.03520762520438029,-0.0820026743094965,-0.07712407405805789,0.01651097218708006
3.9584295749664307,0.0,0.32,0.2017254020952489,-0.035203056921805344,-0.0680683086523836,-0.05410830865238392,0.016553579911462453
4.00425124168396,0.0,0.32,0.20162289887916293,-0.03519790266932364,-0.04587698687727318,-0.04160000023990885,0.016621900627564697
4.053043842315674,0.0,0.32,0.2015978726780333,-0.03519754725515945,-0.03246125905363075,-0.03191698687727351,0.016637877970043048
4.104235410690308,0.0,0.32,0.2014843694579243,-0.03519583199045569,-0.00692072826845993,-0.00494332037368217,0.016710421682188482
4.160898923873901,0.0,0.32,0.2014465157788047,-0.03519626145174712,0.001995346515289188,0.01595534651528885,0.030296316645205094
4.203663110733032,0.0,0.32,0.2014107559144874,-0.03519690030670966,0.01173063450276532,0.025690634502764986,0.03032485443994156
4.259762525558472,0.0,0.32,0.2014293101822741,-0.0351981491251754,0.03740307159262222,0.05136307159262188,0.03030911560846902
4.3045337200164795,0.0,0.32,0.2013972117572356,-0.035200082017822286,0.05778308068733503,0.0625053254011263,0.030333938977819698
4.35176420211792,0.0,0.32,0.20139384618868217,-0.03520063367271564,0.06537470583049729,0.07933470583049694,0.030336337409993225
4.4036478996276855,0.0,0.32,0.20141209329076917,-0.035200117028151956,0.07682067131379076,0.09078067131379042,0.030321881002921693
4.456687688827515,0.0,0.32,0.2014310577821065,-0.03519945019634989,0.0987385191837261,0.10014579806732637,0.030306937001369657
4.500304698944092,0.0,0.32,0.2013754476479129,-0.03520526809363137,0.10964607043997962,0.12360607043997927,0.030348501481379717
4.55839991569519,0.0,0.32,0.20140185644820435,-0.03520372690051309,0.12571472749075047,0.13967472749075013,0.03032803891726155
4.6079325675964355,0.01,0.245,0.20134040125341848,-0.03521238062151786,0.14813305293811166,0.15242063265034522,0.03037269783798988
4.659993410110474,0.02,0.21213255827353955,0.2013739714790221,-0.03520848809930654,0.15726256239348438,0.17122256239348402,0.030347804894097954
4.709960699081421,0.03,0.2084495449428798,0.20153337759564252,-0.03518502998120665,0.16581977916191432,0.179779779161914,0.030232774597975184
4.75840950012207,0.04,0.20400905455054413,0.20251899855661146,-0.0350196431029076,0.18190919165534755,0.19586919165534722,0.029543504971899035
4.804561614990234,0.05,0.19758249996258923,0.20407970600474942,-0.03473221590680732,0.1922464684113202,0.20037112120282918,0.028506077378164896
4.8588807582855225,0.060000000000000005,0.1958077840918262,0.20523875931694757,-0.03450680768782638,0.1986212575916792,0.21258125759167878,0.027777231122771712
4.9049952030181885,0.07,0.1927892230289764,0.208094105425366,-0.03392499026965606,0.2074906861638163,0.21722987063343255,0.026142404448919267
4.959541082382202,0.08,0.19196101650066016,0.2096781084765475,-0.03359020207274423,0.21199889961051221,0.22595889961051177,0.025343951088281857
5.004815101623535,0.08,0.19105415403108528,0.21285521183578193,-0.03289351199878207,0.22066321490570778,0.23119255387171522,0.02398844088869235
5.052182912826538,0.08,0.18936681442175846,0.21475791788058854,-0.03246615501946783,0.22379289084385595,0.2377528908438555,0.02322659475119803
5.110394716262817,0.08,0.1892027994693565,0.21838025669698663,-0.03162646126401905,0.23326538369541247,0.24166812937580184,0.0217974117593705
5.150478839874268,0.08,0.1874024495311722,0.22033219227774423,-0.031159389429701492,0.2369010880062537,0.2508610880062534,0.02103913960946826
5.201022624969482,0.08,0.18187188471702684,0.22202668801965422,-0.030746958391698595,0.24145720856801425,0.25541720856801403,0.02103999551489708
5.259371280670166,0.08,0.17950869975120742,0.22586266590313234,-0.0297794557026326,0.25117985001831744,0.2651398500183171,0.019858833152742773
5.304560899734497,0.08,0.17903723768740945,0.22941389296117576,-0.02885390275259049,0.25945380377672167,0.2687356864818957,0.01879081090542028
5.35897421836853,0.08,0.17759370192001608,0.2313126130540928,-0.02834561072769564,0.2639028687431963,0.2778628687431959,0.01823122375686211
5.408492088317871,0.08,0.17647575707698615,0.2348674071985976,-0.027374378352587075,0.26960006082092036,0.28044089128939964,0.01720027298508961
5.459919452667236,0.08,0.17640246109177124,0.23627673646414954,-0.02698307700772764,0.27303567270920975,0.2869956727092094,0.016796869062211065
5.506500244140625,0.08,0.17574282342027314,0.24040019732164092,-0.025803019284032662,0.2842937514230293,0.29335417209194636,0.015646560322186125
5.558265924453735,0.08,0.17326813399351096,0.24207055744591083,-0.025311803001205307,0.28848662757676574,0.30244662757676544,0.015191828583258732
5.604590654373169,0.08,0.17240754507281217,0.24537312456670782,-0.003302672946468719,0.29036162315530906,0.30727544207529167,0.031725140586690265
5.658561706542969,0.08,0.1542664468501021,0.24728952525804862,-0.002726344341360685,0.29428608799257516,0.31522608799257457,0.03098707208896669
5.7041099071502686,0.08,0.15361921503949144,0.25117518051418797,-0.0015313898648046075,0.303345097494969,0.3194393293598141,0.02951127621379839
5.758752346038818,0.08,0.15180574095435112,0.2531619986903188,-0.0009060238553871627,0.30725693337096144,0.3281969333709607,0.028767927564999702
5.808549404144287,0.08,0.1510285385196604,0.25488426780367673,-0.00035778540566700975,0.30970435516778516,0.3306443551677845,0.028128371530052394
5.858465194702148,0.08,0.1510285385196604,0.2580955362519183,0.0006808119467425836,0.3168757636986802,0.3378157636986794,0.026948720000261838
5.906158924102783,0.08,0.1496145605517089,0.26270433673631016,0.002222112082834661,0.3286476209846342,0.34484249104298037,0.02529543965975843
5.951491117477417,0.08,0.14689429760722772,0.2641117264795134,0.0027051596222336036,0.3322258925915047,0.353165892591504,0.024769953845168485
6.00155234336853,0.08,0.1460579376016676,0.2663628171119861,0.0034880328850317756,0.3373089296326157,0.35824892963261507,0.023823953578805866
6.058618545532227,0.08,0.14394559938898205,0.27004077247482516,0.004793692402419818,0.34475804693147505,0.36569804693147434,0.02229788770417797
6.10190749168396,0.08,0.14358209289435053,0.27204613313697085,0.0055176847493851496,0.34884839697039116,0.36978839697039056,0.021474728913536
6.158919095993042,0.08,0.14211047741981198,0.27550054213554176,0.006786775478374238,0.35638404099571497,0.37732404099571415,0.020072933523608758
6.200518369674683,0.08,0.14119473457734766,0.27783209780477836,0.007663626295005749,0.36400158798250926,0.38494158798250844,0.010293325505937331
6.2501020431518555,0.08,0.0894880352409562,0.2815010456392327,0.009085029558871596,0.3747716429307605,0.39571164293075967,0.011151626243888893
6.303816080093384,0.08,0.0869553695732901,0.2832047673770569,0.009758291993745099,0.3783517886563439,0.39571164293075967,0.011563257172779987
6.359655857086182,0.08,0.08697677539769715,0.2873344936031191,0.011413483061772473,0.384763277379418,0.4057032773794171,0.012584008162430473
6.404631853103638,0.08,0.08836203556382524,0.291819518524388,0.013246104985283065,0.39333537224923715,0.40926709221673363,0.013727214539851509
6.46032452583313,0.08,0.08818291751669645,0.29402807525780106,0.014169076522664916,0.3985975351971778,0.41953753519717774,0.014310468129593657
6.506933927536011,0.08,0.08783125322750963,0.2974959316253273,0.01563785206963516,0.40247423650387143,0.4220295399732263,0.01524560306362767
6.553349494934082,0.08,0.0892235857520398,0.30002327209383167,0.016717293032250707,0.4054171999381662,0.42635719993816634,0.015936031074869073
6.608668327331543,0.08,0.09019578391245198,0.30442934858769255,0.018626657367869448,0.41282720572957526,0.43001048698262373,0.017166896278823177
6.658881664276123,0.08,0.08984237522506595,0.3063342286417831,0.019464857755786658,0.41694730451075374,0.43788730451075386,0.01771161866400397
6.7064714431762695,0.08,0.0891384505257607,0.3081975564895607,0.02029450107978229,0.4207530114825517,0.4416930114825517,0.01779796518310239
6.750818252563477,0.08,0.0891649583063224,0.3125454243719834,0.022249484017811214,0.4247817675612508,0.4457217675612508,0.01693637771407546
6.804212808609009,0.08,0.0893039425015101,0.31691562737391493,0.024248670533665743,0.4337690910537276,0.4500625402377745,0.01609847537886816
6.85136079788208,0.08,0.08782304974573121,0.31876876470888443,0.0251092262267874,0.4359950470045104,0.45693504700451015,0.01575372348103267
6.902816534042358,0.08,0.08782304974573121,0.3203194086016041,0.025834193417322505,0.4390022257051895,0.4599422257051895,0.015469264538414485
6.950167417526245,0.08,0.08682858198492055,0.32413679096871806,0.027641922486786517,0.44476373598090974,0.46570373598090953,0.014787910242437797
7.00480842590332,0.08,0.0865499352922769,0.32839257019800777,0.029681837412135342,0.451786834822107,0.46845525217003736,0.014029029829642721
7.062276124954224,0.08,0.08512666242279371,0.33087198071993174,0.03089588697364671,0.45898357859379546,0.4799235785937954,0.013594818980137098
7.105997562408447,0.08,0.08334571860524057,0.3343662780242071,0.03316080246862197,0.458708411740127,0.48218645514531205,0.013435855571249912
7.158629417419434,0.08,0.0832930225300633,0.3368673487913964,0.03439915357021218,0.4611718014368967,0.4856018014368955,0.013009051209877331
7.200093507766724,0.08,0.0829397574751456,0.3393401083642319,0.03563415023675419,0.46543444859388217,0.489864448593881,0.012595798168213468
7.26253342628479,0.08,0.08061755106321186,0.3430785777895461,0.0375271724702306,0.47322437856080823,0.497654378560807,0.012749749992751361
7.3044188022613525,0.08,0.0925551841084484,0.34706953721119815,0.03959022394210439,0.4799448429124772,0.5023975875607389,0.01154729982389825
7.359023332595825,0.08,0.0925009566796826,0.3495571927952164,0.04088533284455231,0.48071661022760276,0.5051466102276017,0.01078881724036251
7.405230760574341,0.08,0.09492649396182355,0.3535703063351566,0.042999653071631144,0.49033122464862,0.5096313698716662,0.009540718642000979
7.458773136138916,0.08,0.09448701645724315,0.35566422916891915,0.04412175272095234,0.4932248803975057,0.5176548803975045,0.008870987981301611
7.506385564804077,0.08,0.09576605418149756,0.3595451794107671,0.046223044128233345,0.4994765954247525,0.5206426112386664,0.007608589515159549
7.558549404144287,0.08,0.09639620434119253,0.36162108132538306,0.0473602362869629,0.5031266466141452,0.5275566466141441,0.0069203971636961365
7.604497671127319,0.08,0.09682914824135232,0.36489745322593337,0.049174228725554894,0.5090403545244366,0.531019241884085,0.005815461920181383
7.6500232219696045,0.08,0.09742403893757931,0.36725805741968715,0.05050035314958279,0.5151350767634522,0.5395650767634509,0.0050006140753889716
7.704425573348999,0.08,0.09675823614132847,0.37105045691223026,0.05266302261521991,0.5204521226537855,0.5434822361203535,0.004121535173210497
7.758641481399536,0.08,0.09563386386555048,0.3733898145696882,0.05400742349106134,0.523137800809748,0.5475678008097469,0.004351385692766154
7.809160947799683,0.08,0.0951959208944883,0.37368180539155793,0.05417588677653887,0.5235765262447599,0.5480065262447589,0.0043795330141976245
7.861684322357178,0.08,0.09397486981917086,0.37863339171713817,0.0570626848425098,0.5321892771688419,0.5519787799749807,0.004832217862010755
7.907085180282593,0.08,0.09281799063552969,0.3829759801095462,0.05964542464656278,0.5405428898505374,0.56173819477059,0.005187342011866038
7.954202890396118,0.08,0.09041306441374941,0.3846999727162841,0.06068102277763973,0.5414733882682911,0.5659033882682896,0.005319897795941742
8.00879454612732,0.08,0.0898450018641984,0.3870244384617868,0.06208267891086987,0.5445302895328472,0.5689602895328458,0.005494224316499477
8.058963060379028,0.08,0.08936729234447721,0.38965661926861683,0.06368489598709498,0.5497557677501733,0.5741857677501719,0.00567930014134681
8.107843160629272,0.08,0.08821690494543352,0.3945905587736828,0.06673232196284373,0.5574308458364867,0.5784871516581626,0.0060131938189386
8.151347160339355,0.08,0.08579940471950073,0.3945905587736828,0.06673232196284373,0.5574308458364867,0.5818608458364852,0.0060131938189386
8.200865507125854,0.08,0.08579940471950073,0.39803446219029537,0.06888754511363131,0.5605734102234321,0.5830978703508714,0.006242095051112408
8.256784677505493,0.08,0.08455367356100489,0.4018226096605637,0.07127860146131752,0.566507345537853,0.5909373455378519,0.034241496737526356
8.304500102996826,0.08,0.07135014203264442,0.4058581523588283,0.07385904995831812,0.5707659785366348,0.5940299882082414,0.03355987830884502
8.358314990997314,0.08,0.07138315282714584,0.40818653141820044,0.0753563310787002,0.572648075545229,0.5970780755452276,0.033480689508940474
8.406636238098145,0.08,0.07175291143529491,0.4120082212555556,0.07783209097264865,0.5779084130061146,0.5991158823009091,0.03369829347148685
8.464689254760742,0.08,0.07291894552698198,0.4140948627530654,0.07919589829781257,0.5806507998962317,0.6050807998962302,0.033839854703870784
8.50458812713623,0.08,0.07360189804149118,0.4179359351652653,0.08172882922335768,0.5850076960063734,0.6055445850071219,0.034119895046966255
8.55099630355835,0.08,0.07514835042832785,0.41998513738806126,0.08308716697675753,0.585687380092603,0.6101173800926016,0.034275385571871195
8.608913660049438,0.08,0.07670555341068873,0.4217671633371951,0.08427102910288299,0.5875421633486445,0.6119721633486432,0.0344128787195672
8.659430265426636,0.08,0.07798882564482458,0.4253087376183231,0.08664217451327204,0.5925726762365747,0.6170026762365732,0.03470203957782193
8.708389282226562,0.08,0.07841221159482693,0.4276135862709177,0.08819655085982235,0.5937547566684763,0.6181847566684748,0.034899967662472324
8.75861406326294,0.08,0.0801997908876382,0.43143639349681917,0.09078278623891393,0.5968740988601418,0.6213040988601404,0.035235320044214015
8.80586838722229,0.08,0.08050768591714512,0.43345480284240523,0.09215878014548762,0.599884416432838,0.6243144164328367,0.035421470482718494
8.85353946685791,0.08,0.08045232135030331,0.4375043211309796,0.09494143883339111,0.6046608915937058,0.6290908915937043,0.035814023396379915
8.902136325836182,0.08,0.0806652537512764,0.4392117276983381,0.0961234977792268,0.6063713490320534,0.630801349032052,0.03591899560540515
8.965898990631104,0.08,0.0812833816311341,0.4429021152644769,0.09868746004168029,0.6087321452361022,0.6331621452361005,0.035660292685276256
9.000683069229126,0.08,0.08168142577453356,0.4429021152644769,0.09868746004168029,0.6087321452361022,0.6366842158129762,0.035660292685276256
9.05592393875122,0.08,0.08168142577453356,0.44636717798476166,0.10111737155210018,0.6150394684852291,0.6394694684852276,0.035435091913550015
9.106259107589722,0.08,0.08061250231588718,0.4525623367786035,0.10552620768429499,0.6217462485045635,0.6441024923111307,0.035083154975960325
9.153019189834595,0.08,0.08061250231588718,0.45452531564427884,0.10693667535735815,0.6247262746741138,0.6491562746741127,0.034982264318206426
9.20671534538269,0.08,0.07859168202317951,0.458190731677815,0.1095936742691469,0.6310274794200523,0.6513775458545195,0.03461411184687533
9.258776664733887,0.08,0.0765457069747757,0.4598385303809606,0.11080189104405169,0.6343404323410822,0.6587704323410807,0.034393943166330994
9.303942203521729,0.08,0.0765457069747757,0.4614799824852023,0.11201073416250405,0.6349863629845164,0.6594163629845151,0.018540542129927527
9.35875129699707,0.065,0.0003961074892744054,0.465454507139778,0.11494525755468128,0.6386781396596996,0.6631081396596983,0.013605616281651058
9.404236316680908,0.05,-0.05814901834190089,0.46930468092594674,0.1178279583711135,0.6450694318128101,0.6679091036783898,0.008804650063970638
9.45901346206665,0.035,-0.11814901834190089,0.47087055774104153,0.11900651087556582,0.6446351203496015,0.6690651203496,0.006851468882903759
9.506243705749512,0.020000000000000004,-0.1781490183419009,0.47405227981537723,0.12139150702560268,0.6395766112984226,0.6671185846728895,0.0029178828849272948
9.550167322158813,0.0050000000000000044,-0.2381490183419009,0.4750743495771285,0.1221516708171087,0.6366482897457736,0.6610782897457725,0.001702300521626463
9.600785255432129,0.0,-0.2981490183419009,0.4756679728178646,0.12259210718129046,0.6320853055536846,0.6565153055536834,0.0010619604025857373
9.6518075466156,0.0,-0.32,0.47645050603598904,0.1231598934328904,0.6162090668651878,0.6406390668651865,0.00045768938472554667
9.710813045501709,0.0,-0.32,0.4766695071291395,0.12331304383847946,0.6019289194445158,0.6263589194445145,0.0003036815254913685
9.758532524108887,0.0,-0.32,0.47677822823276095,0.1233857660700403,0.5760335836173162,0.6004635836173149,0.0002305335934322192
9.802066802978516,0.0,-0.32,0.47681157295928406,0.12340719931911519,0.5607054973677088,0.5851354973677076,0.00020896977546372292
9.858408212661743,0.0,-0.32,0.47687719537705303,0.12344785433582278,0.5305525448991251,0.5549825448991238,0.00016805778746362696
9.904016971588135,0.0,-0.32,0.4768560331824655,0.12343632721229097,0.5035978021827647,0.5415248186130004,0.00017966779235412255
9.95261025428772,0.0,-0.32,0.4768270871673365,0.12342081819756999,0.4899540415226335,0.5143840415226322,0.00019529017561131762
10.008659601211548,0.0,-0.245,0.47677318112551886,0.12339276964350418,0.47423926295575525,0.49866926295575403,0.00022354986183227308
10.05889630317688,0.0,-0.16999999999999998,0.47672758064128107,0.12337109842301337,0.4517344996296269,0.4761644996296255,0.00024539970015364246
10.102699041366577,0.01,-0.19809306847497787,0.47670520057986565,0.12336093734868707,0.44059680788390687,0.4650268078839055,0.0002556484411902563
10.151407241821289,0.02,-0.19809306847497787,0.47668909889437266,0.12335457677812198,0.4226567916427429,0.4470867916427417,0.00026207209224366374
10.205108404159546,0.03,-0.19066253051633084,0.47708501237345063,0.12353176819297043,0.4070139024311549,0.4389261979151092,8.332979366741437e-05
10.259644746780396,0.04,-0.18730374961100957,0.47765347417878357,0.12377736315399931,0.3992679276948766,0.42369792769487535,0.00016449203017583129
10.30011510848999,0.05,-0.18142098616870997,0.47820908218142405,0.12401138973025311,0.3930639902885998,0.41749399028859857,0.0004006951626546835
10.360496044158936,0.060000000000000005,-0.1791087131079176,0.4801520212595278,0.12480223760960092,0.3747113855740088,0.3991413855740076,0.0011991545841386116
10.406880617141724,0.07,-0.1723633271707236,0.48225812373848587,0.12562013738131708,0.36224843085627356,0.3932429334416532,0.0020253053997166272
10.450232744216919,0.08,-0.17033725545389075,0.4839507885766785,0.12625544545262746,0.35259807810135735,0.3770280781013562,0.0026672449662342116
10.502722978591919,0.08,-0.16482192102861404,0.485374727310989,0.1267768748434978,0.34593397851876795,0.3703639785187667,0.0031942531415356796
10.561198234558105,0.08,-0.16264754355551514,0.488662344629549,0.1279444805313021,0.3349757027481133,0.3594057027481119,0.004374739513692196
10.606687068939209,0.08,-0.16264754355551514,0.5019621466596231,0.1564726286619556,0.3454764760675906,0.352456476067589,0.03295481249909357
10.650243759155273,0.08,-0.19849727054512067,0.5054929781938055,0.15773127419515393,0.339368829110244,0.34634882911024256,0.034222176831591185
10.699995756149292,0.08,-0.19755179760203528,0.5073996197672586,0.15839946134673405,0.333836052733826,0.34081605273382465,0.03489434826117632
10.754670143127441,0.08,-0.1961080932551104,0.5105926161731648,0.1594858400684824,0.3215368938124296,0.3285168938124281,0.03598739940704444
10.801740646362305,0.08,-0.19238949462389854,0.5126767602074348,0.1601721307597058,0.3141009466320124,0.3210809466320108,0.036678045396653244
10.852738618850708,0.08,-0.1901730215211448,0.5160262794987844,0.1612319437056336,0.2985210063960975,0.3055010063960962,0.03774485802793974
10.905423879623413,0.08,-0.18503227039567047,0.5194377302059712,0.16226104428452104,0.28648182730075006,0.29913666305285824,0.03878108782379152
10.951223373413086,0.08,-0.18309085678895837,0.5212610288983355,0.16279147494932164,0.27909754573924256,0.2934618273007485,0.039315328843507046
11.002418041229248,0.065,-0.10809085678895837,0.523115828858806,0.1633176773904819,0.2729643132896198,0.2799443132896182,0.03984540750063207
11.058264017105103,0.05,-0.03309085678895837,0.526318988821368,0.16420129258852792,0.26456669961573737,0.27154669961573585,0.04073571681223682
11.103997230529785,0.035,0.0,0.5302910601314772,0.16525709290126156,0.25406229013993953,0.2651566338138749,0.04180179597586647
11.158406496047974,0.020000000000000004,0.0,0.532085851028844,0.16571919798183074,0.25240297661698113,0.25938297661697973,0.04226902043822448
11.202489137649536,0.0050000000000000044,0.0,0.5336628025389276,0.16612331427325625,0.25183239303567684,0.2588123930356753,0.042677634763793645
11.250819444656372,0.0,0.0,0.5354390625621396,0.1665718944547424,0.2514916792368398,0.25847167923683845,0.043131281506063
11.30800485610962,0.0,0.0,0.5359706808573431,0.1667007606326416,0.2518097490222809,0.2589792614726671,0.043261664080967516
11.353161811828613,0.0,0.0,0.5359859498293795,0.16670342583401052,0.25210722006449887,0.25908722006449736,0.043264372840027904
11.405775308609009,0.0,0.0,0.5359636381521196,0.16669771918952453,0.2522195204807606,0.25917892223931777,0.04325860255455084
11.45841932296753,0.0,0.0,0.5359663589316557,0.16669877067097852,0.25221700754447623,0.2591970075444748,0.043259661795206704
11.507247686386108,0.0,0.0,0.5253284638577285,0.1592710769450939,0.23482594398399786,0.2592596873755237,0.03580344129883601
11.55303406715393,0.0,0.0,0.525330722827362,0.15927193176750346,0.2348193812308252,0.259249381230823,0.035804300841639804
11.605909585952759,0.0,0.0,0.5253251064812776,0.15927104547379808,0.2348196542900782,0.25924058446664766,0.03580340280918292
11.658474206924438,0.0,0.0,0.5253278967113231,0.15927199091135125,0.23483686414873875,0.25926686414873634,0.03580435407750541
11.708351612091064,0.0,0.0,0.525325213236291,0.1592717508569758,0.23480437588379988,0.2592253421957453,0.03580410841398536
11.758563995361328,0.0,0.0,0.5253278547569554,0.1592726277296499,0.23481360584030925,0.259243605840307,0.03580499080670913
11.801635026931763,0.0,0.0,0.5253209294454192,0.15927108932068285,0.2348622499709532,0.25929224997095085,0.03580343792408921
11.858526468276978,0.0,0.0,0.525327738370841,0.15927316773623323,0.23489382306664885,0.2593238230666466,0.035805530568813256
11.90842866897583,0.0,0.0,0.5253213469211766,0.15927174384262066,0.23487477754187783,0.25930477754187553,0.03580409331730891
11.95868706703186,0.0,0.0,0.5253279683275615,0.15927372658943734,0.234806540335837,0.25923654033583476,0.03580608990150918
12.00414752960205,0.0,0.0,0.5253217932228099,0.15927234140438978,0.23481568490653945,0.2592456849065372,0.014360416709905616
12.060894250869751,0.0,0.0,0.525327995156248,0.15927417507514763,0.2348859808509263,0.25931598085092405,0.014358320619123434
12.100016355514526,0.01,-0.06,0.5253221632902121,0.15927286032257565,0.2348969751170269,0.2593269751170247,0.014359882434768354
12.15168809890747,0.02,-0.09270010668675832,0.5253301042186456,0.1592750689600958,0.23492573743086514,0.2593557374308628,0.014357338329357263
12.204892635345459,0.03,-0.09197226282575921,0.5255824691291001,0.15933641853233105,0.2304249328965889,0.25772605370880974,0.014287567140791005
12.250288724899292,0.04,-0.09077410279086405,0.5261637328243407,0.15947342817809296,0.22556253187270034,0.2499925318726981,0.014144905296465749
12.30831241607666,0.05,-0.08691066333278895,0.5267122307976564,0.15959921911011454,0.22098679337717436,0.24541679337717207,0.014016455158076356
12.353872776031494,0.05,-0.08691066333278895,0.5285828279028247,0.16001326716412378,0.21114625266234574,0.24005651061158864,0.01359333797264213
12.409803628921509,0.07,-0.08132436850959872,0.5298761801444899,0.1602892529474058,0.20636729868611706,0.23079729868611487,0.013311081567037133
12.458611249923706,0.08,-0.0806163872816158,0.5322456487638819,0.16078325572069513,0.20194418337784523,0.226374183377843,0.012805590647628038
12.501230716705322,0.08,-0.07845578102800048,0.5351095112163686,0.16136508298847674,0.19655006341756898,0.2209800634175667,0.012209878032223636
12.550216674804688,0.065,-0.003455781028000482,0.5393534881001066,0.1621943189772746,0.18729965641120733,0.211729656411205,0.011360064866104226
12.606417655944824,0.05,0.0,0.5433784590258138,0.16294115554044614,0.18249973717686155,0.2084994886812228,0.01059371252317594
12.655237197875977,-0.05000000074505806,0.0,0.5436630396333224,0.1629866157809098,0.18349105306803476,0.20792105306803246,0.010546872357157932
12.700943946838379,0.020000000000000004,0.0,0.5441349839458851,0.16307321869963537,0.18459979004353755,0.20902979004353517,0.010457981122016817
12.754084348678589,-0.05000000074505806,0.0,0.5448852288621013,0.16321035799099948,0.18519394792480637,0.20962394792480413,0.010317204111819559
12.806617259979248,0.0,0.0,0.5452187295642374,0.16327334723800846,0.1852525027635974,0.21038854499244097,0.010252597841009618
12.852576494216919,-0.05000000074505806,0.0,0.5450441436367051,0.16323884738590727,0.18628217010715997,0.2107121701071577,0.010287944178930331
12.909563064575195,0.0,0.0,0.5432645858702804,0.1629008210624375,0.18575667456950148,0.21068263412039692,0.01063459890925721
12.966557502746582,0.0,0.0,0.542449766212975,0.16274597086501486,0.1868917657479032,0.21132176574790096,0.010793399860103003
13.000548362731934,0.0,0.0,0.5415502579523547,0.16257559406555772,0.18769928980889114,0.2121292898088889,0.010968138042783305
13.058535814285278,0.0,0.0,0.5403481180746249,0.16234821967596574,0.1883576324375194,0.21278763243751708,0.011201341168313589
13.106210708618164,0.0,0.0,0.5392606821438442,0.16214240790660123,0.1888554307413186,0.21392394970339978,0.011412425514631695
13.150158643722534,0.0,0.0,0.5387011096217468,0.16203405594403475,0.18929103708100908,0.21372103708100676,0.011523490609819147
13.200819492340088,0.0,0.0,0.5378529897849377,0.16187085264156095,0.19000119041318372,0.21443119041318148,0.011690806101914933
13.255388736724854,-0.05000000074505806,0.0,0.5365181511589716,0.16161396865389105,0.19031512407593112,0.21474512407592883,0.011954162181252554
13.30010199546814,0.0,0.0,0.5353690839711059,0.16139240817581663,0.1902647032698661,0.21469470326986384,0.01218129401553071
13.354873180389404,-0.05000000074505806,0.0,0.5341204770901319,0.1611527232450623,0.19051020856560114,0.21494020856559892,0.012427032942267182
13.403229713439941,0.0,0.0,0.5333355397984032,0.16100142578312965,0.19010260656041583,0.21453260656041362,0.012582136244279054
13.455518960952759,-0.05000000074505806,0.0,0.5318868696857303,0.16072316756050717,0.19087822712351407,0.21530822712351186,0.012867418487588765
13.504398107528687,0.0,0.0,0.5309383090046353,0.16053947882070538,0.19128918885040777,0.21571918885040556,0.013055706400370203
13.551185846328735,0.0,0.0,0.5303024362308801,0.16041824639065388,0.19145027969028144,0.21588027969027926,0.013180021933264173
13.607320070266724,-0.05000000074505806,0.0,0.5287128864972338,0.16010892862831555,0.1922035839056745,0.21681420095603074,0.01349704673804391
13.653629779815674,-0.05000000074505806,0.0,0.528522576907801,0.16007181405738474,0.19238295681296091,0.21681295681295867,0.013535084037298457
13.708325624465942,-0.05000000074505806,0.0,0.5276006337129141,0.15989125266287363,0.19293952311947632,0.21736952311947413,0.013720115523910037
13.750607013702393,-0.05000000074505806,0.0,0.5238766645984425,0.15916073012486825,0.19291934347302478,0.21734934347302248,0.014604835360034677
13.800184726715088,-0.05000000074505806,0.0,0.5220193535296536,0.1587985414437756,0.19231149221432925,0.2167414922143269,0.015329923345434931
13.85573148727417,-0.05000000074505806,0.0,0.518980312843595,0.15820520129975382,0.19343175404594803,0.21786175404594577,0.016911236426126585
13.908358097076416,-0.05000000074505806,0.0,0.5173325731227708,0.1578824195182814,0.19353332448407404,0.21796332448407174,0.0179355381972215
13.953986406326294,-0.05000000074505806,0.0,0.5145134301693641,0.15733066187200764,0.19312305776479985,0.21755305776479752,0.01989502908859173
14.00170612335205,-0.05000000074505806,0.0,0.5128347260887959,0.15700294939892537,0.19239046414919764,0.21682046414919534,0.0211604615186233
14.0503408908844,0.0,0.0,0.5097505698972044,0.15640269458061012,0.1929038925442057,0.21733389254420343,0.023630503140409122
