전진 0.4m @ 0.04m/s.  카메라 실명 예상: 카메라~물체 < 0.29m
  t   이동   로컬 최근접(최대비용)  전역 최근접(최대비용)  깊이점
  0.0 +0.000    0.62 ( 99)         0.48 ( 99)         233
  0.3 +0.007     0.6 ( 99)         0.48 ( 99)         226
  0.6 +0.019     0.6 ( 99)         0.46 ( 99)         228
  0.9 +0.030    0.58 ( 99)         0.46 ( 99)         222
  1.2 +0.042    0.56 ( 99)         0.44 ( 99)         251
  1.5 +0.054     0.4 ( 99)         0.44 ( 99)         245
  1.8 +0.066     0.4 ( 99)         0.42 ( 99)         246
  2.1 +0.077    0.54 ( 99)          0.4 ( 99)         284
  2.4 +0.089    0.42 ( 99)          0.4 ( 99)         279
  2.7 +0.101     0.4 ( 99)          0.4 ( 99)         269
  3.0 +0.113     0.5 ( 99)         0.38 ( 99)         308
  3.3 +0.125    0.48 ( 99)         0.38 ( 99)         306
  3.6 +0.137    0.48 ( 99)         0.36 ( 99)         310
  3.9 +0.149    0.36 ( 99)         0.34 ( 99)         325
  4.2 +0.161    0.34 ( 99)         0.54 ( 99)         331
  4.5 +0.173    0.34 ( 99)         0.52 ( 99)         362
  4.8 +0.185    0.42 ( 99)          0.5 ( 99)         354
  5.1 +0.197    0.42 ( 99)          0.5 ( 99)         399
  5.4 +0.209     0.4 ( 99)         0.48 ( 99)         387
  5.7 +0.221    0.38 ( 99)         0.48 ( 99)         426
  6.0 +0.233    0.38 ( 99)         0.46 ( 99)         438
  6.3 +0.246    0.36 ( 99)         0.44 ( 99)         487
  6.6 +0.257    0.36 ( 99)         0.44 ( 99)         525
  6.9 +0.269    0.34 ( 99)         0.42 ( 99)         558
  7.2 +0.281    0.32 ( 99)          0.4 ( 99)         578
  7.5 +0.293    0.32 ( 99)          0.4 ( 99)         628
  7.8 +0.305     0.3 ( 99)         0.38 ( 99)         693
  8.1 +0.317     0.3 ( 99)         0.38 ( 99)         771
  8.4 +0.329     0.3 ( 99)         0.36 ( 99)         825
  8.7 +0.341     0.3 ( 99)         0.34 ( 99)         886
  9.0 +0.353     0.3 ( 99)         0.34 ( 99)         933
  9.3 +0.365     0.3 ( 99)         0.32 ( 99)         189
  9.6 +0.377     0.3 ( 99)         0.32 ( 99)         225
  9.9 +0.389     0.3 ( 99)          0.3 ( 99)         248

최근접 = 전방 축에서 비용 ≥99 인 가장 가까운 거리(m). None = 1.3m 까지 막힘 없음.
접근하며 이 값이 계속 줄어들면 장애물 유지, 갑자기 None 이 되면 그 시점에 사라진 것.
