status 예시: ["diagnostic_msgs.msg.DiagnosticArray(header=std_msgs.msg.Header(stamp=builtin_interfaces.msg.Time(sec=1790836628, nanosec=708771257), frame_id=''), status=[diagnostic_msgs.msg.DiagnosticStatus(level=b'\\x01', name='rover_jupiter_fw', message='cmd_vel timeout — motors stopped', hardware_id='F405', values=[diagnostic_msgs.msg.KeyValue(key='L', value='tgt=0 v=0 d=0 pps=0 T=0 cv=0 w=0 sc=0'), diagnostic"]
  t    위치(map)       | 명령 v | 휠 v  | 실제 v(SLAM) | 휠÷실제 | 롤·피치 각속도 최대 | 가속 상하 최대
  0.0 (+0.10, -2.21) | 0.055 | 0.025 | 0.024 |   1.0 | 0.06·0.04 rad/s | 1.7 m/s²
  0.5 (+0.11, -2.22) | 0.080 | 0.042 | 0.042 |   1.0 | 0.07·0.03 rad/s | 1.9 m/s²
  1.0 (+0.13, -2.22) | 0.080 | 0.049 | 0.065 |   0.8 | 0.10·0.05 rad/s | 2.5 m/s²
  1.5 (+0.16, -2.23) | 0.080 | 0.055 | 0.054 |   1.0 | 0.14·0.07 rad/s | 2.4 m/s²
  2.0 (+0.18, -2.24) | 0.080 | 0.073 | 0.073 |   1.0 | 0.13·0.06 rad/s | 3.1 m/s²
  2.5 (+0.22, -2.24) | 0.080 | 0.074 | 0.074 |   1.0 | 0.16·0.05 rad/s | 4.2 m/s²
  3.0 (+0.26, -2.25) | 0.080 | 0.070 | 0.070 |   1.0 | 0.11·0.06 rad/s | 2.9 m/s²
  3.5 (+0.29, -2.25) | 0.080 | 0.067 | 0.067 |   1.0 | 0.13·0.07 rad/s | 2.6 m/s²
  4.0 (+0.33, -2.26) | 0.080 | 0.068 | 0.068 |   1.0 | 0.14·0.06 rad/s | 2.8 m/s²
  4.5 (+0.36, -2.26) | 0.080 | 0.071 | 0.070 |   1.0 | 0.17·0.07 rad/s | 4.4 m/s²
  5.0 (+0.39, -2.27) | 0.080 | 0.069 | 0.069 |   1.0 | 0.16·0.10 rad/s | 3.3 m/s²
  5.5 (+0.43, -2.28) | 0.080 | 0.070 | 0.070 |   1.0 | 0.14·0.10 rad/s | 2.1 m/s²
  6.0 (+0.46, -2.30) | 0.080 | 0.069 | 0.069 |   1.0 | 0.15·0.09 rad/s | 2.7 m/s²
  6.5 (+0.49, -2.31) | 0.080 | 0.069 | 0.069 |   1.0 | 0.23·0.14 rad/s | 2.9 m/s²
  7.0 (+0.52, -2.32) | 0.080 | 0.068 | 0.078 |   0.9 | 0.18·0.10 rad/s | 2.5 m/s²
  7.5 (+0.56, -2.33) | 0.080 | 0.068 | 0.069 |   1.0 | 0.17·0.11 rad/s | 3.0 m/s²
  8.0 (+0.59, -2.35) | 0.080 | 0.064 | 0.064 |   1.0 | 0.21·0.12 rad/s | 3.1 m/s²
  8.5 (+0.62, -2.37) | 0.080 | 0.062 | 0.062 |   1.0 | 0.18·0.09 rad/s | 3.0 m/s²
  9.0 (+0.64, -2.39) | 0.080 | 0.062 | 0.062 |   1.0 | 0.12·0.07 rad/s | 2.5 m/s²
  9.5 (+0.67, -2.40) | 0.080 | 0.061 | 0.061 |   1.0 | 0.11·0.05 rad/s | 2.1 m/s²
 10.0 (+0.69, -2.42) | 0.080 | 0.061 | 0.066 |   0.9 | 0.11·0.06 rad/s | 2.1 m/s²
 10.5 (+0.71, -2.45) | 0.080 | 0.060 | 0.060 |   1.0 | 0.13·0.09 rad/s | 2.6 m/s²
 11.0 (+0.73, -2.47) | 0.080 | 0.058 | 0.057 |   1.0 | 0.12·0.07 rad/s | 1.8 m/s²
 11.5 (+0.75, -2.49) | 0.080 | 0.056 | 0.057 |   1.0 | 0.14·0.07 rad/s | 2.1 m/s²
 12.0 (+0.77, -2.51) | 0.080 | 0.056 | 0.056 |   1.0 | 0.16·0.15 rad/s | 3.0 m/s²
 12.5 (+0.79, -2.53) | 0.080 | 0.056 | 0.061 |   0.9 | 0.18·0.10 rad/s | 2.4 m/s²
 13.0 (+0.79, -2.57) | 0.080 | 0.069 | 0.069 |   1.0 | 0.15·0.08 rad/s | 2.4 m/s²
 13.5 (+0.80, -2.60) | 0.080 | 0.073 | 0.074 |   1.0 | 0.12·0.06 rad/s | 3.0 m/s²
 14.0 (+0.82, -2.63) | 0.080 | 0.067 | 0.066 |   1.0 | 0.13·0.05 rad/s | 2.8 m/s²
 14.5 (+0.83, -2.66) | 0.080 | 0.076 | 0.076 |   1.0 | 0.13·0.06 rad/s | 2.5 m/s²
 15.0 (+0.85, -2.69) | 0.081 | 0.080 | 0.080 |   1.0 | 0.18·0.06 rad/s | 4.5 m/s²
 15.5 (+0.86, -2.73) | 0.081 | 0.076 | 0.082 |   0.9 | 0.22·0.05 rad/s | 5.0 m/s²
 16.0 (+0.86, -2.77) | 0.077 | 0.075 | 0.075 |   1.0 | 0.09·0.05 rad/s | 2.3 m/s²
 16.5 (+0.88, -2.81) | 0.076 | 0.073 | 0.073 |   1.0 | 0.11·0.03 rad/s | 2.7 m/s²
 17.0 (+0.89, -2.84) | 0.062 | 0.065 | 0.065 |   1.0 | 0.09·0.06 rad/s | 2.3 m/s²
 17.5 (+0.90, -2.87) | 0.072 | 0.060 | 0.060 |   1.0 | 0.11·0.05 rad/s | 3.0 m/s²
 18.0 (+0.91, -2.90) | 0.081 | 0.065 | 0.065 |   1.0 | 0.10·0.04 rad/s | 2.2 m/s²
 18.5 (+0.91, -2.93) | 0.081 | 0.073 | 0.073 |   1.0 | 0.13·0.04 rad/s | 2.4 m/s²
 19.0 (+0.92, -2.97) | 0.081 | 0.077 | 0.077 |   1.0 | 0.14·0.06 rad/s | 3.0 m/s²
 19.5 (+0.93, -3.01) | 0.081 | 0.069 | 0.069 |   1.0 | 0.13·0.05 rad/s | 3.2 m/s²
 20.0 (+0.93, -3.04) | 0.081 | 0.072 | 0.085 |   0.8 | 0.12·0.05 rad/s | 2.8 m/s²
 20.5 (+0.96, -3.08) | 0.080 | 0.061 | 0.061 |   1.0 | 0.12·0.04 rad/s | 2.5 m/s²
 21.0 (+0.96, -3.11) | 0.080 | 0.070 | 0.069 |   1.0 | 0.10·0.06 rad/s | 2.3 m/s²
 21.5 (+0.96, -3.14) | 0.081 | 0.077 | 0.077 |   1.0 | 0.14·0.05 rad/s | 2.7 m/s²
 22.0 (+0.96, -3.18) | 0.081 | 0.079 | 0.079 |   1.0 | 0.14·0.07 rad/s | 2.9 m/s²
 22.5 (+0.96, -3.22) | 0.081 | 0.076 | 0.076 |   1.0 | 0.17·0.06 rad/s | 3.1 m/s²
 23.0 (+0.96, -3.26) | 0.083 | 0.079 | 0.078 |   1.0 | 0.10·0.10 rad/s | 2.5 m/s²
 23.5 (+0.96, -3.30) | 0.081 | 0.078 | 0.078 |   1.0 | 0.22·0.11 rad/s | 3.8 m/s²
 24.0 (+0.96, -3.34) | 0.077 | 0.072 | 0.072 |   1.0 | 0.18·0.06 rad/s | 4.9 m/s²
 24.5 (+0.96, -3.37) | 0.080 | 0.066 | 0.066 |   1.0 | 0.16·0.05 rad/s | 2.8 m/s²
 25.0 (+0.96, -3.40) | 0.080 | 0.074 | 0.100 |   0.7 | 0.15·0.05 rad/s | 2.7 m/s²
 25.5 (+0.94, -3.45) | 0.080 | 0.077 | 0.077 |   1.0 | 0.14·0.05 rad/s | 3.1 m/s²
 26.0 (+0.94, -3.49) | 0.080 | 0.079 | 0.080 |   1.0 | 0.13·0.06 rad/s | 3.0 m/s²
 26.5 (+0.93, -3.53) | 0.081 | 0.073 | 0.073 |   1.0 | 0.12·0.04 rad/s | 2.6 m/s²
 27.0 (+0.93, -3.57) | 0.080 | 0.075 | 0.075 |   1.0 | 0.15·0.06 rad/s | 2.8 m/s²
 27.5 (+0.93, -3.60) | 0.082 | 0.073 | 0.073 |   1.0 | 0.21·0.05 rad/s | 4.1 m/s²
 28.0 (+0.93, -3.64) | 0.080 | 0.075 | 0.076 |   1.0 | 0.13·0.05 rad/s | 3.6 m/s²
 28.5 (+0.93, -3.68) | 0.080 | 0.067 | 0.067 |   1.0 | 0.11·0.05 rad/s | 2.3 m/s²
 29.0 (+0.93, -3.71) | 0.080 | 0.075 | 0.075 |   1.0 | 0.24·0.08 rad/s | 3.9 m/s²
 29.5 (+0.93, -3.75) | 0.081 | 0.066 | 0.066 |   1.0 | 0.28·0.13 rad/s | 5.6 m/s²
 30.0 (+0.93, -3.78) | 0.081 | 0.065 | 0.065 |   1.0 | 0.20·0.08 rad/s | 3.7 m/s²
 30.5 (+0.93, -3.81) | 0.081 | 0.065 | 0.066 |   1.0 | 0.25·0.12 rad/s | 5.5 m/s²
 31.0 (+0.93, -3.85) | 0.080 | 0.067 | 0.066 |   1.0 | 0.24·0.14 rad/s | 5.1 m/s²
 31.5 (+0.92, -3.88) | 0.080 | 0.076 | 0.077 |   1.0 | 0.30·0.13 rad/s | 5.1 m/s²
 32.0 (+0.92, -3.92) | 0.080 | 0.058 | 0.058 |   1.0 | 0.29·0.11 rad/s | 6.7 m/s²
 32.5 (+0.92, -3.95) | 0.080 | 0.059 | 0.302 |   0.2 | 0.25·0.11 rad/s | 4.7 m/s²
 33.0 (+0.91, -3.80) | 0.080 | 0.055 | 0.056 |   1.0 | 0.17·0.10 rad/s | 3.0 m/s²
 33.5 (+0.91, -3.82) | 0.080 | 0.052 | 0.052 |   1.0 | 0.30·0.10 rad/s | 4.7 m/s²
 34.0 (+0.90, -3.85) | 0.080 | 0.052 | 0.052 |   1.0 | 0.18·0.11 rad/s | 3.6 m/s²
 34.5 (+0.90, -3.88) | 0.080 | 0.051 | 0.051 |   1.0 | 0.24·0.14 rad/s | 4.0 m/s²
 35.0 (+0.90, -3.90) | 0.080 | 0.053 | 0.053 |   1.0 | 0.22·0.10 rad/s | 4.0 m/s²
 35.5 (+0.90, -3.93) | 0.080 | 0.047 | 0.047 |   1.0 | 0.24·0.12 rad/s | 5.2 m/s²
 36.0 (+0.90, -3.95) | 0.078 | 0.044 | 0.044 |   1.0 | 0.24·0.12 rad/s | 4.5 m/s²
 36.5 (+0.89, -3.97) | 0.079 | 0.047 | 0.047 |   1.0 | 0.19·0.13 rad/s | 4.4 m/s²
 37.0 (+0.89, -4.00) | 0.078 | 0.048 | 0.048 |   1.0 | 0.21·0.12 rad/s | 2.8 m/s²
 37.5 (+0.89, -4.02) | 0.080 | 0.051 | 0.051 |   1.0 | 0.23·0.13 rad/s | 2.4 m/s²
 38.0 (+0.89, -4.05) | 0.080 | 0.046 | 0.045 |   1.0 | 0.10·0.10 rad/s | 1.8 m/s²
 38.5 (+0.89, -4.07) | 0.080 | 0.055 | 0.055 |   1.0 | 0.13·0.15 rad/s | 4.3 m/s²
 39.0 (+0.89, -4.10) | 0.080 | 0.061 | 0.420 |   0.1 | 0.15·0.19 rad/s | 1.7 m/s²
 39.5 (+0.90, -3.89) | 0.080 | 0.064 | 0.065 |   1.0 | 0.14·0.17 rad/s | 1.6 m/s²
 40.0 (+0.91, -3.92) | 0.081 | 0.076 | 0.076 |   1.0 | 0.21·0.25 rad/s | 1.5 m/s²
 40.5 (+0.91, -3.96) | 0.082 | 0.070 | 0.070 |   1.0 | 0.50·0.22 rad/s | 3.0 m/s²
 41.0 (+0.91, -3.99) | 0.081 | 0.069 | 0.069 |   1.0 | 0.26·0.12 rad/s | 2.6 m/s²
 41.5 (+0.92, -4.02) | 0.080 | 0.063 | 0.062 |   1.0 | 0.15·0.16 rad/s | 2.7 m/s²
 42.0 (+0.92, -4.06) | 0.080 | 0.060 | 0.060 |   1.0 | 0.20·0.12 rad/s | 3.0 m/s²
 42.5 (+0.92, -4.09) | 0.080 | 0.067 | 0.067 |   1.0 | 0.12·0.10 rad/s | 2.2 m/s²
 43.0 (+0.92, -4.12) | 0.081 | 0.070 | 0.070 |   1.0 | 0.30·0.12 rad/s | 2.9 m/s²
 43.5 (+0.92, -4.15) | 0.081 | 0.067 | 0.067 |   1.0 | 0.15·0.04 rad/s | 2.3 m/s²
 44.0 (+0.92, -4.19) | 0.081 | 0.071 | 0.070 |   1.0 | 0.76·0.14 rad/s | 7.5 m/s²
 44.5 (+0.92, -4.22) | 0.081 | 0.069 | 0.070 |   1.0 | 0.07·0.04 rad/s | 2.2 m/s²
 45.0 (+0.92, -4.26) | 0.080 | 0.077 | 0.077 |   1.0 | 0.12·0.05 rad/s | 2.3 m/s²
 45.5 (+0.92, -4.30) | 0.081 | 0.072 | 0.072 |   1.0 | 0.12·0.05 rad/s | 2.9 m/s²
 46.0 (+0.93, -4.33) | 0.081 | 0.076 | 0.076 |   1.0 | 0.09·0.04 rad/s | 2.6 m/s²
 46.5 (+0.93, -4.37) | 0.081 | 0.075 | 0.047 |   1.6 | 0.12·0.06 rad/s | 2.4 m/s²
 47.0 (+0.93, -4.35) | 0.080 | 0.071 | 0.070 |   1.0 | 0.19·0.08 rad/s | 2.9 m/s²
 47.5 (+0.93, -4.38) | 0.081 | 0.072 | 0.073 |   1.0 | 0.14·0.06 rad/s | 3.7 m/s²
 48.0 (+0.93, -4.42) | 0.082 | 0.069 | 0.069 |   1.0 | 0.10·0.06 rad/s | 3.1 m/s²
 48.5 (+0.93, -4.45) | 0.081 | 0.069 | 0.069 |   1.0 | 0.09·0.04 rad/s | 2.4 m/s²
 49.0 (+0.94, -4.49) | 0.081 | 0.071 | 0.071 |   1.0 | 0.09·0.04 rad/s | 2.7 m/s²
 49.5 (+0.94, -4.52) | 0.078 | 0.072 | 0.072 |   1.0 | 0.13·0.05 rad/s | 2.4 m/s²
 50.0 (+0.95, -4.56) | 0.078 | 0.060 | 0.059 |   1.0 | 0.10·0.05 rad/s | 2.5 m/s²
 50.5 (+0.95, -4.59) | 0.079 | 0.076 | 0.077 |   1.0 | 0.15·0.06 rad/s | 2.9 m/s²
 51.0 (+0.95, -4.63) | 0.079 | 0.069 | 0.068 |   1.0 | 0.15·0.04 rad/s | 2.9 m/s²
 51.5 (+0.95, -4.66) | 0.080 | 0.071 | 0.071 |   1.0 | 0.12·0.04 rad/s | 2.4 m/s²
 52.0 (+0.96, -4.70) | 0.080 | 0.062 | 0.062 |   1.0 | 0.11·0.05 rad/s | 2.0 m/s²
 52.5 (+0.96, -4.73) | 0.077 | 0.058 | 0.058 |   1.0 | 0.11·0.09 rad/s | 2.6 m/s²
 53.0 (+0.97, -4.75) | 0.079 | 0.063 | 0.064 |   1.0 | 0.09·0.05 rad/s | 2.2 m/s²
 53.5 (+0.98, -4.79) | 0.079 | 0.061 | 0.061 |   1.0 | 0.08·0.06 rad/s | 1.8 m/s²
 54.0 (+0.99, -4.81) | 0.080 | 0.062 | 0.061 |   1.0 | 0.15·0.08 rad/s | 2.0 m/s²
 54.5 (+1.00, -4.84) | 0.077 | 0.062 | 0.062 |   1.0 | 0.20·0.13 rad/s | 2.5 m/s²
 55.0 (+1.01, -4.87) | 0.075 | 0.063 | 0.090 |   0.7 | 0.13·0.09 rad/s | 1.9 m/s²
 55.5 (+1.03, -4.91) | 0.079 | 0.058 | 0.058 |   1.0 | 0.12·0.05 rad/s | 2.2 m/s²
 56.0 (+1.05, -4.93) | 0.067 | 0.060 | 0.060 |   1.0 | 0.10·0.05 rad/s | 2.1 m/s²
 56.5 (+1.07, -4.96) | 0.073 | 0.067 | 0.067 |   1.0 | 0.10·0.04 rad/s | 2.1 m/s²
 57.0 (+1.09, -4.99) | 0.070 | 0.066 | 0.065 |   1.0 | 0.10·0.04 rad/s | 2.5 m/s²
 57.5 (+1.10, -5.01) | 0.078 | 0.072 | 0.072 |   1.0 | 0.11·0.04 rad/s | 2.1 m/s²
 58.0 (+1.13, -5.04) | 0.077 | 0.075 | 0.075 |   1.0 | 0.13·0.05 rad/s | 2.5 m/s²
 58.5 (+1.15, -5.07) | 0.081 | 0.075 | 0.075 |   1.0 | 0.12·0.04 rad/s | 2.9 m/s²
 59.0 (+1.17, -5.10) | 0.081 | 0.069 | 0.083 |   0.8 | 0.11·0.04 rad/s | 2.4 m/s²
 59.5 (+1.21, -5.13) | 0.081 | 0.070 | 0.070 |   1.0 | 0.12·0.06 rad/s | 2.2 m/s²
 60.0 (+1.23, -5.15) | 0.081 | 0.074 | 0.073 |   1.0 | 0.11·0.05 rad/s | 2.3 m/s²
 60.5 (+1.26, -5.18) | 0.081 | 0.072 | 0.072 |   1.0 | 0.13·0.06 rad/s | 2.7 m/s²
 61.0 (+1.28, -5.20) | 0.080 | 0.077 | 0.077 |   1.0 | 0.19·0.06 rad/s | 3.0 m/s²
 61.5 (+1.31, -5.22) | 0.081 | 0.081 | 0.081 |   1.0 | 0.19·0.08 rad/s | 2.7 m/s²
 62.0 (+1.34, -5.25) | 0.080 | 0.073 | 0.074 |   1.0 | 0.17·0.10 rad/s | 3.4 m/s²
 62.5 (+1.37, -5.27) | 0.080 | 0.051 | 0.052 |   1.0 | 0.15·0.09 rad/s | 2.1 m/s²
 63.0 (+1.39, -5.29) | 0.079 | 0.060 | 0.060 |   1.0 | 0.16·0.11 rad/s | 2.5 m/s²
 63.5 (+1.41, -5.31) | 0.080 | 0.053 | 0.054 |   1.0 | 0.17·0.10 rad/s | 2.9 m/s²
 64.0 (+1.43, -5.33) | 0.080 | 0.071 | 0.071 |   1.0 | 0.26·0.13 rad/s | 3.0 m/s²
 64.5 (+1.45, -5.36) | 0.080 | 0.077 | 0.077 |   1.0 | 0.17·0.11 rad/s | 3.1 m/s²
 65.0 (+1.47, -5.39) | 0.080 | 0.046 | 0.047 |   1.0 | 0.14·0.07 rad/s | 2.7 m/s²
 65.5 (+1.49, -5.41) | 0.080 | 0.042 | 0.042 |   1.0 | 0.11·0.07 rad/s | 2.5 m/s²
 66.0 (+1.50, -5.43) | 0.059 | 0.040 | 0.029 |   1.4 | 0.09·0.05 rad/s | 1.5 m/s²
 66.5 (+1.51, -5.44) | 0.000 | 0.003 | 0.003 |   1.0 | 0.01·0.00 rad/s | 1.3 m/s²
