## d99 (nvblox_n0_t2d99.yaml): 벤더 기본값 대조
21:    decay_tsdf_rate_hz: 5.0
102:      tsdf_decay_factor: 0.95
103:      tsdf_decayed_weight_threshold: 0.001
104:      exclude_last_view_from_decay: true
106:      tsdf_decayed_free_distance_vox: 4.0
  이번 yaml:  tsdf_decay_factor: 0.99 # 09-22: 감쇠 정지 측정 A/B(E
  깊이 콜백: 15.1 Hz (pid 39568 )
  t=5: enable_depth false → Set parameter successful
  깊이 토픽 Hz(차단 뒤): 
==== d99: 프레임 odom, 상자 hint 1.151/-0.069, 100 s
  t(s)  ≤0셀  최소거리  미지  자유  | 상자 구역 셀 수 기준
     0    11    -0.00     0   109
     1    12    -0.00     0   108
     2    11    -0.00     0   109
     3    11    -0.00     0   109
     4    11    -0.00     0   109
     5    11    -0.00     0   109
     6    11    -0.00     0   109
     7    11    -0.00     0   109
     8    11    -0.00     0   109
     9    11    -0.00     0   109
    10    11    -0.00     0   109
    11    11    -0.00     0   109
    12    11    -0.00     0   109
    13    11    -0.00     0   109
    14    11    -0.00     0   109
    15    11    -0.00     0   109
    16    11    -0.00     0   109
    17    11    -0.00     0   109
    18    11    -0.00     0   109
    19    11    -0.00     0   109
    20    11    -0.00     0   109
    21    11    -0.00     0   109
    22    11    -0.00     0   109
    23    11    -0.00     0   109
    24    11    -0.00     0   109
    25    11    -0.00     0   109
    26    11    -0.00     0   109
    27    11    -0.00     0   109
    28    11    -0.00     0   109
    29    11    -0.00     0   109
    30    11    -0.00     0   109
    31    11    -0.00     0   109
    32    11    -0.00     0   109
    33    11    -0.00     0   109
    34    11    -0.00     0   109
    35    11    -0.00     0   109
    36    11    -0.00     0   109
    37    11    -0.00     0   109
    38    11    -0.00     0   109
    39    11    -0.00     0   109
    40    11    -0.00     0   109
    41    11    -0.00     0   109
    42    11    -0.00     0   109
    43    11    -0.00     0   109
    44    11    -0.00     0   109
    45    11    -0.00     0   109
    46    11    -0.00     0   109
    47    11    -0.00     0   109
    48    11    -0.00     0   109
    49    11    -0.00     0   109
    50    11    -0.00     0   109
    51    11    -0.00     0   109
    52    11    -0.00     0   109
    53    11    -0.00     0   109
    54    11    -0.00     0   109
    55    11    -0.00     0   109
    56    11    -0.00     0   109
    57    11    -0.00     0   109
    58    11    -0.00     0   109
    59    11    -0.00     0   109
    60    11    -0.00     0   109
    61    11    -0.00     0   109
    62    11    -0.00     0   109
    63    11    -0.00     0   109
    64    11    -0.00     0   109
    65    11    -0.00     0   109
    66    11    -0.00     0   109
    67    11    -0.00     0   109
    68    11    -0.00     0   109
    69    11    -0.00     0   109
    70    11    -0.00     0   109
    71    11    -0.00     0   109
    72    11    -0.00     0   109
    73    11    -0.00     0   109
    74    11    -0.00     0   109
    75    11    -0.00     0   109
    76    11    -0.00     0   109
    77    11    -0.00     0   109
    78    11    -0.00     0   109
    79    11    -0.00     0   109
    80    11    -0.00     0   109
    81    11    -0.00     0   109
    82    11    -0.00     0   109
    83    11    -0.00     0   109
    84    11    -0.00     0   109
    85    11    -0.00     0   109
    86     0      nan   120     0
    87     0      nan   120     0
    88     0      nan   120     0
    89     0      nan   120     0
    90     0      nan   120     0
    91     0      nan   120     0
    92     0      nan   120     0
    93     0      nan   120     0
    94     0      nan   120     0
    95     0      nan   120     0
    96     0      nan   120     0
    97     0      nan   120     0
    98     0      nan   120     0
    99     0      nan   120     0
   100     0      nan   120     0
==== 상자 ≤0 셀이 0 이 된 시각: 86 s | 자유 셀이 늘기 시작한 시각: None s (깊이 차단은 t=5 s)
  복구: enable_depth true → Set parameter successful
  깊이 토픽 Hz(복구 뒤): 14.952 | 점군 15.273 | odom 30.555
  nvblox 정지
